 
(electric field gradient tensor is in Cartesian coordinates)
 
 
Species :    1 (Cs), atom :    1
 
 EFG tensor :
  0.1254885645      0.3834528709E-16 -0.2867436516E-16
  0.3834528709E-16 -0.2506460499     -0.1385601856E-15
 -0.2867436516E-16 -0.1385601856E-15  0.1251574854    
 trace :  -0.6938893904E-15
 eigenvalues :
 -0.2506460499      0.1251574854      0.1254885645    
 
 
Species :    1 (Cs), atom :    2
 
 EFG tensor :
  0.1254885645     -0.2932100863E-16 -0.9917545719E-16
 -0.2932100863E-16 -0.2506460499     -0.1401774671E-15
 -0.9917545719E-16 -0.1401774671E-15  0.1251574854    
 trace :  -0.4163336342E-15
 eigenvalues :
 -0.2506460499      0.1251574854      0.1254885645    
 
 
Species :    1 (Cs), atom :    3
 
 EFG tensor :
  0.1247851905     -0.7563570467E-17 -0.5162789996E-16
 -0.7563570467E-17 -0.2499319604     -0.3705112049E-16
 -0.5162789996E-16 -0.3705112049E-16  0.1251467699    
 trace :   0.7355227538E-15
 eigenvalues :
 -0.2499319604      0.1247851905      0.1251467699    
 
 
Species :    1 (Cs), atom :    4
 
 EFG tensor :
  0.1247851905      0.7260061682E-16 -0.2377688320E-16
  0.7260061682E-16 -0.2499319604     -0.5484194041E-16
 -0.2377688320E-16 -0.5484194041E-16  0.1251467699    
 trace :   0.2636779683E-15
 eigenvalues :
 -0.2499319604      0.1247851905      0.1251467699    
 
 
Species :    2 (V), atom :    1
 
 EFG tensor :
  0.4516703184      0.1633425534E-16 -0.3901377307    
  0.1633425534E-16 -0.4532114784     -0.9166137708E-16
 -0.3901377307     -0.9166137708E-16  0.1541159968E-02
 trace :   0.8942499519E-15
 eigenvalues :
 -0.4532114784     -0.2237957636      0.6770072420    
 
 
Species :    2 (V), atom :    2
 
 EFG tensor :
  0.4516703184      0.4486767877E-16 -0.3901377307    
  0.4486767877E-16 -0.4532114784     -0.1049459767E-15
 -0.3901377307     -0.1049459767E-15  0.1541159968E-02
 trace :  -0.3772589879E-14
 eigenvalues :
 -0.4532114784     -0.2237957636      0.6770072420    
 
 
Species :    2 (V), atom :    3
 
 EFG tensor :
  0.4516703184      0.7911991879E-16  0.3901377307    
  0.7911991879E-16 -0.4532114784      0.1010137559E-15
  0.3901377307      0.1010137559E-15  0.1541159968E-02
 trace :  -0.5010315079E-14
 eigenvalues :
 -0.4532114784     -0.2237957636      0.6770072420    
 
 
Species :    2 (V), atom :    4
 
 EFG tensor :
  0.4516703184     -0.4482371991E-16  0.3901377307    
 -0.4482371991E-16 -0.4532114784      0.9046932851E-16
  0.3901377307      0.9046932851E-16  0.1541159968E-02
 trace :   0.3551846317E-15
 eigenvalues :
 -0.4532114784     -0.2237957636      0.6770072420    
 
 
Species :    2 (V), atom :    5
 
 EFG tensor :
 -0.2283970603     -0.5147318404E-16  0.1240045493E-16
 -0.5147318404E-16 -0.4523516292      0.3867600933E-16
  0.1240045493E-16  0.3867600933E-16  0.6807486895    
 trace :  -0.2775557562E-16
 eigenvalues :
 -0.4523516292     -0.2283970603      0.6807486895    
 
 
Species :    2 (V), atom :    6
 
 EFG tensor :
 -0.2283970603      0.8430224990E-16  0.2233882242E-16
  0.8430224990E-16 -0.4523516292      0.1850633046E-15
  0.2233882242E-16  0.1850633046E-15  0.6807486895    
 trace :   0.2581268532E-14
 eigenvalues :
 -0.4523516292     -0.2283970603      0.6807486895    
 
 
Species :    2 (V), atom :    7
 
 EFG tensor :
 -0.2245020838      0.8390796168E-16  0.3742384189E-16
  0.8390796168E-16 -0.4523828131      0.1862869573E-15
  0.3742384189E-16  0.1862869573E-15  0.6768848969    
 trace :   0.6106226635E-15
 eigenvalues :
 -0.4523828131     -0.2245020838      0.6768848969    
 
 
Species :    2 (V), atom :    8
 
 EFG tensor :
 -0.2245020838      0.3368330596E-16  0.9737288158E-16
  0.3368330596E-16 -0.4523828131      0.6842531144E-16
  0.9737288158E-16  0.6842531144E-16  0.6768848969    
 trace :  -0.6661338148E-15
 eigenvalues :
 -0.4523828131     -0.2245020838      0.6768848969    
 
 
Species :    2 (V), atom :    9
 
 EFG tensor :
  0.4530445187      0.1070704513E-15  0.3930644857    
  0.1070704513E-15 -0.4524033652     -0.1171278402E-15
  0.3930644857     -0.1171278402E-15 -0.6411535115E-03
 trace :   0.2235733300E-14
 eigenvalues :
 -0.4524033652     -0.2276235726      0.6800269378    
 
 
Species :    2 (V), atom :   10
 
 EFG tensor :
  0.4530445187      0.5771231623E-16  0.3930644857    
  0.5771231623E-16 -0.4524033652     -0.1109360504E-15
  0.3930644857     -0.1109360504E-15 -0.6411535115E-03
 trace :   0.3367423528E-14
 eigenvalues :
 -0.4524033652     -0.2276235726      0.6800269378    
 
 
Species :    2 (V), atom :   11
 
 EFG tensor :
  0.4530445187      0.1794897275E-15 -0.3930644857    
  0.1794897275E-15 -0.4524033652      0.3017433029E-16
 -0.3930644857      0.3017433029E-16 -0.6411535115E-03
 trace :   0.3263231699E-14
 eigenvalues :
 -0.4524033652     -0.2276235726      0.6800269378    
 
 
Species :    2 (V), atom :   12
 
 EFG tensor :
  0.4530445187     -0.6905182034E-16 -0.3930644857    
 -0.6905182034E-16 -0.4524033652     -0.1394643125E-15
 -0.3930644857     -0.1394643125E-15 -0.6411535115E-03
 trace :  -0.1167577320E-14
 eigenvalues :
 -0.4524033652     -0.2276235726      0.6800269378    
 
 
Species :    3 (Sb), atom :    1
 
 EFG tensor :
   1.641788534      0.2421275209E-15 -0.1748842095E-16
  0.2421275209E-15  -3.266356020     -0.1068804748E-15
 -0.1748842095E-16 -0.1068804748E-15   1.624567486    
 trace :   0.2131628207E-13
 eigenvalues :
  -3.266356020       1.624567486       1.641788534    
 
 
Species :    3 (Sb), atom :    2
 
 EFG tensor :
   1.635583629      0.2806438740E-15 -0.1372446253E-01
  0.2806438740E-15  -3.266618633     -0.1387277981E-15
 -0.1372446253E-01 -0.1387277981E-15   1.631035003    
 trace :   0.1487698853E-13
 eigenvalues :
  -3.266618633       1.619397689       1.647220943    
 
 
Species :    3 (Sb), atom :    3
 
 EFG tensor :
   1.635583629      0.8944563231E-15  0.1372446253E-01
  0.8944563231E-15  -3.266618633      0.5787009177E-16
  0.1372446253E-01  0.5787009177E-16   1.631035003    
 trace :   0.4440892099E-15
 eigenvalues :
  -3.266618633       1.619397689       1.647220943    
 
 
Species :    3 (Sb), atom :    4
 
 EFG tensor :
  -1.702280597     -0.3786748395E-15 -0.5912417319E-16
 -0.3786748395E-15   3.372011084     -0.5844529289E-03
 -0.5912417319E-16 -0.5844529289E-03  -1.669730487    
 trace :  -0.1421085472E-13
 eigenvalues :
  -1.702280597      -1.669730554       3.372011151    
 
 
Species :    3 (Sb), atom :    5
 
 EFG tensor :
  -1.702280597     -0.3535467802E-15  0.2280366491E-16
 -0.3535467802E-15   3.372011084     -0.5844529289E-03
  0.2280366491E-16 -0.5844529289E-03  -1.669730487    
 trace :  -0.4218847494E-14
 eigenvalues :
  -1.702280597      -1.669730554       3.372011151    
 
 
Species :    3 (Sb), atom :    6
 
 EFG tensor :
  -1.702280597      0.3226959172E-15 -0.5479668805E-16
  0.3226959172E-15   3.372011084      0.5844529289E-03
 -0.5479668805E-16  0.5844529289E-03  -1.669730487    
 trace :   0.8881784197E-15
 eigenvalues :
  -1.702280597      -1.669730554       3.372011151    
 
 
Species :    3 (Sb), atom :    7
 
 EFG tensor :
  -1.702280597     -0.1000329942E-14  0.1272168984E-15
 -0.1000329942E-14   3.372011084      0.5844529289E-03
  0.1272168984E-15  0.5844529289E-03  -1.669730487    
 trace :   0.9103828802E-14
 eigenvalues :
  -1.702280597      -1.669730554       3.372011151    
 
 
Species :    3 (Sb), atom :    8
 
 EFG tensor :
   1.619868824      0.2711232411E-15 -0.7157427316E-16
  0.2711232411E-15  -3.270635562      0.2413994233E-16
 -0.7157427316E-16  0.2413994233E-16   1.650766738    
 trace :   0.1110223025E-13
 eigenvalues :
  -3.270635562       1.619868824       1.650766738    
 
 
Species :    3 (Sb), atom :    9
 
 EFG tensor :
  -1.678121784     -0.3183433509E-02  0.1393638263E-01
 -0.3183433509E-02   3.372845769     -0.3094062722E-02
  0.1393638263E-01 -0.3094062722E-02  -1.694723985    
 trace :   0.2442490654E-14
 eigenvalues :
  -1.702644445      -1.670205231       3.372849676    
 
 
Species :    3 (Sb), atom :   10
 
 EFG tensor :
  -1.678121784     -0.3183433509E-02  0.1393638263E-01
 -0.3183433509E-02   3.372845769     -0.3094062722E-02
  0.1393638263E-01 -0.3094062722E-02  -1.694723985    
 trace :  -0.1665334537E-13
 eigenvalues :
  -1.702644445      -1.670205231       3.372849676    
 
 
Species :    3 (Sb), atom :   11
 
 EFG tensor :
  -1.678121784      0.3183433509E-02  0.1393638263E-01
  0.3183433509E-02   3.372845769      0.3094062722E-02
  0.1393638263E-01  0.3094062722E-02  -1.694723985    
 trace :   0.1176836406E-13
 eigenvalues :
  -1.702644445      -1.670205231       3.372849676    
 
 
Species :    3 (Sb), atom :   12
 
 EFG tensor :
  -1.678121784      0.3183433509E-02  0.1393638263E-01
  0.3183433509E-02   3.372845769      0.3094062722E-02
  0.1393638263E-01  0.3094062722E-02  -1.694723985    
 trace :   0.1976196984E-13
 eigenvalues :
  -1.702644445      -1.670205231       3.372849676    
 
 
Species :    3 (Sb), atom :   13
 
 EFG tensor :
  -1.678121784     -0.3183433509E-02 -0.1393638263E-01
 -0.3183433509E-02   3.372845769      0.3094062722E-02
 -0.1393638263E-01  0.3094062722E-02  -1.694723985    
 trace :  -0.2087219286E-13
 eigenvalues :
  -1.702644445      -1.670205231       3.372849676    
 
 
Species :    3 (Sb), atom :   14
 
 EFG tensor :
  -1.678121784     -0.3183433509E-02 -0.1393638263E-01
 -0.3183433509E-02   3.372845769      0.3094062722E-02
 -0.1393638263E-01  0.3094062722E-02  -1.694723985    
 trace :   0.5107025913E-14
 eigenvalues :
  -1.702644445      -1.670205231       3.372849676    
 
 
Species :    3 (Sb), atom :   15
 
 EFG tensor :
  -1.678121784      0.3183433509E-02 -0.1393638263E-01
  0.3183433509E-02   3.372845769     -0.3094062722E-02
 -0.1393638263E-01 -0.3094062722E-02  -1.694723985    
 trace :   0.5773159728E-14
 eigenvalues :
  -1.702644445      -1.670205231       3.372849676    
 
 
Species :    3 (Sb), atom :   16
 
 EFG tensor :
  -1.678121784      0.3183433509E-02 -0.1393638263E-01
  0.3183433509E-02   3.372845769     -0.3094062722E-02
 -0.1393638263E-01 -0.3094062722E-02  -1.694723985    
 trace :   0.8881784197E-14
 eigenvalues :
  -1.702644445      -1.670205231       3.372849676    
 
 
Species :    3 (Sb), atom :   17
 
 EFG tensor :
  -1.698846782     -0.3377487807E-15 -0.7461735559E-16
 -0.3377487807E-15   3.402907425     -0.3462286041E-02
 -0.7461735559E-16 -0.3462286041E-02  -1.704060643    
 trace :   0.6661338148E-14
 eigenvalues :
  -1.704062990      -1.698846782       3.402909772    
 
 
Species :    3 (Sb), atom :   18
 
 EFG tensor :
  -1.698846782     -0.2478836783E-15 -0.1156693365E-15
 -0.2478836783E-15   3.402907425     -0.3462286041E-02
 -0.1156693365E-15 -0.3462286041E-02  -1.704060643    
 trace :   0.6661338148E-14
 eigenvalues :
  -1.704062990      -1.698846782       3.402909772    
 
 
Species :    3 (Sb), atom :   19
 
 EFG tensor :
  -1.698846782      0.2884603110E-15 -0.7803156512E-17
  0.2884603110E-15   3.402907425      0.3462286041E-02
 -0.7803156512E-17  0.3462286041E-02  -1.704060643    
 trace :  -0.9325873407E-14
 eigenvalues :
  -1.704062990      -1.698846782       3.402909772    
 
 
Species :    3 (Sb), atom :   20
 
 EFG tensor :
  -1.698846782     -0.8990203290E-15 -0.6634158891E-16
 -0.8990203290E-15   3.402907425      0.3462286041E-02
 -0.6634158891E-16  0.3462286041E-02  -1.704060643    
 trace :  -0.1332267630E-13
 eigenvalues :
  -1.704062990      -1.698846782       3.402909772    
