 
(electric field gradient tensor is in Cartesian coordinates)
 
 
Species :    1 (Cs), atom :    1
 
 EFG tensor :
  0.1251969123     -0.2674508197E-06 -0.2468493983E-06
 -0.2674508197E-06 -0.2504149106     -0.1544117450E-06
 -0.2468493983E-06 -0.1544117450E-06  0.1252179983    
 trace :   0.9992007222E-15
 eigenvalues :
 -0.2504149106      0.1251969094      0.1252180012    
 
 
Species :    1 (Cs), atom :    2
 
 EFG tensor :
  0.1251974614      0.2674539773E-06  0.2468519575E-06
  0.2674539773E-06 -0.2504154389      0.1544096699E-06
  0.2468519575E-06  0.1544096699E-06  0.1252179775    
 trace :  -0.1110223025E-15
 eigenvalues :
 -0.2504154389      0.1251974585      0.1252179804    
 
 
Species :    1 (Cs), atom :    3
 
 EFG tensor :
  0.1251981331      0.1781114404E-06  0.2468474742E-06
  0.1781114404E-06 -0.2504161286     -0.3326158755E-09
  0.2468474742E-06 -0.3326158755E-09  0.1252179955    
 trace :  -0.1471045508E-14
 eigenvalues :
 -0.2504161286      0.1251981301      0.1252179985    
 
 
Species :    1 (Cs), atom :    4
 
 EFG tensor :
  0.1251975839     -0.1780906135E-06 -0.2468269607E-06
 -0.1780906135E-06 -0.2504156002      0.3504532484E-09
 -0.2468269607E-06  0.3504532484E-09  0.1252180163    
 trace :  -0.1249000903E-14
 eigenvalues :
 -0.2504156002      0.1251975809      0.1252180193    
 
 
Species :    2 (V), atom :    1
 
 EFG tensor :
 -0.2262011882      0.1313668260E-05 -0.9073905446E-07
  0.1313668260E-05 -0.4523190884      0.1889137607E-05
 -0.9073905446E-07  0.1889137607E-05  0.6785202766    
 trace :  -0.1332267630E-14
 eigenvalues :
 -0.4523190884     -0.2262011882      0.6785202766    
 
 
Species :    2 (V), atom :    2
 
 EFG tensor :
 -0.2262011190     -0.1313583864E-05  0.9077877486E-07
 -0.1313583864E-05 -0.4523231587     -0.1888985257E-05
  0.9077877486E-07 -0.1888985257E-05  0.6785242777    
 trace :   0.9436895709E-15
 eigenvalues :
 -0.4523231587     -0.2262011190      0.6785242777    
 
 
Species :    2 (V), atom :    3
 
 EFG tensor :
  0.4522665016      0.1924163506E-05 -0.3916060793    
  0.1924163506E-05 -0.4523332098      0.9340933150E-06
 -0.3916060793      0.9340933150E-06  0.6670820167E-04
 trace :   0.1181238267E-14
 eigenvalues :
 -0.4523332098     -0.2260241564      0.6783573662    
 
 
Species :    2 (V), atom :    4
 
 EFG tensor :
  0.4522691106     -0.1907544709E-05 -0.3916087567    
 -0.1907544709E-05 -0.4523349170     -0.9056253492E-06
 -0.3916087567     -0.9056253492E-06  0.6580635487E-04
 trace :   0.1311085030E-14
 eigenvalues :
 -0.4523349170     -0.2260264992      0.6783614162    
 
 
Species :    2 (V), atom :    5
 
 EFG tensor :
  0.4522662831      0.4150763103E-06  0.3916085564    
  0.4150763103E-06 -0.4523335217      0.7399191699E-06
  0.3916085564      0.7399191699E-06  0.6723857819E-04
 trace :   0.3497067002E-14
 eigenvalues :
 -0.4523335217     -0.2260259585      0.6783594802    
 
 
Species :    2 (V), atom :    6
 
 EFG tensor :
  0.4522694302     -0.3387602532E-06  0.3916063702    
 -0.3387602532E-06 -0.4523347033     -0.7144852006E-06
  0.3916063702     -0.7144852006E-06  0.6527311284E-04
 trace :   0.3099964404E-14
 eigenvalues :
 -0.4523347033     -0.2260247525      0.6783594559    
 
 
Species :    2 (V), atom :    7
 
 EFG tensor :
 -0.2262044019      0.1313792488E-05 -0.3397755288E-05
  0.1313792488E-05 -0.4523150645      0.1889255791E-05
 -0.3397755288E-05  0.1889255791E-05  0.6785194664    
 trace :  -0.1942890293E-15
 eigenvalues :
 -0.4523150645     -0.2262044019      0.6785194664    
 
 
Species :    2 (V), atom :    8
 
 EFG tensor :
 -0.2262067443     -0.1313688985E-05  0.3397812739E-05
 -0.1313688985E-05 -0.4523167722     -0.1889091820E-05
  0.3397812739E-05 -0.1889091820E-05  0.6785235166    
 trace :   0.1693090113E-14
 eigenvalues :
 -0.4523167722     -0.2262067443      0.6785235166    
 
 
Species :    2 (V), atom :    9
 
 EFG tensor :
  0.4522668228      0.3389082492E-06  0.3916086538    
  0.3389082492E-06 -0.4523326458      0.7140601676E-06
  0.3916086538      0.7140601676E-06  0.6582301948E-04
 trace :  -0.2352854240E-14
 eigenvalues :
 -0.4523326458     -0.2260269696      0.6783596153    
 
 
Species :    2 (V), atom :   10
 
 EFG tensor :
  0.4522636759     -0.4155916629E-06  0.3916108402    
 -0.4155916629E-06 -0.4523314645     -0.7391469621E-06
  0.3916108402     -0.7391469621E-06  0.6778867527E-04
 trace :   0.5949965997E-15
 eigenvalues :
 -0.4523314645     -0.2260281755      0.6783596401    
 
 
Species :    2 (V), atom :   11
 
 EFG tensor :
  0.4522666048     -0.2678280379E-05 -0.3916111311    
 -0.2678280379E-05 -0.4523329581      0.5192005770E-06
 -0.3916111311      0.5192005770E-06  0.6635328317E-04
 trace :  -0.2539106620E-14
 eigenvalues :
 -0.4523329581     -0.2260287718      0.6783617299    
 
 
Species :    2 (V), atom :   12
 
 EFG tensor :
  0.4522639955      0.2661866117E-05 -0.3916084537    
  0.2661866117E-05 -0.4523312504     -0.5477279229E-06
 -0.3916084537     -0.5477279229E-06  0.6725497995E-04
 trace :   0.1968626542E-14
 eigenvalues :
 -0.4523312505     -0.2260264292      0.6783576796    
 
 
Species :    3 (Sb), atom :    1
 
 EFG tensor :
   1.633755538     -0.2489372694E-07 -0.2432999531E-07
 -0.2489372694E-07  -3.267321596     -0.1434102647E-07
 -0.2432999531E-07 -0.1434102647E-07   1.633566058    
 trace :  -0.1620925616E-13
 eigenvalues :
  -3.267321596       1.633566058       1.633755538    
 
 
Species :    3 (Sb), atom :    2
 
 EFG tensor :
   1.633756182     -0.4214519217E-07 -0.3276837005E-05
 -0.4214519217E-07  -3.267316963     -0.4422126280E-07
 -0.3276837005E-05 -0.4422126280E-07   1.633560781    
 trace :  -0.9547918012E-14
 eigenvalues :
  -3.267316963       1.633560726       1.633756237    
 
 
Species :    3 (Sb), atom :    3
 
 EFG tensor :
   1.633756324      0.4208456982E-07  0.3276662504E-05
  0.4208456982E-07  -3.267317192      0.4427506095E-07
  0.3276662504E-05  0.4427506095E-07   1.633560867    
 trace :   0.7327471963E-14
 eigenvalues :
  -3.267317192       1.633560812       1.633756379    
 
 
Species :    3 (Sb), atom :    4
 
 EFG tensor :
  -1.689689905      0.6143947049E-06 -0.8844101480E-06
  0.6143947049E-06   3.380013432      0.9011377579E-04
 -0.8844101480E-06  0.9011377579E-04  -1.690323526    
 trace :   0.4440892099E-15
 eigenvalues :
  -1.690323529      -1.689689904       3.380013433    
 
 
Species :    3 (Sb), atom :    5
 
 EFG tensor :
  -1.689690684     -0.6868377759E-06  0.6902228580E-06
 -0.6868377759E-06   3.380014090      0.9212885287E-04
  0.6902228580E-06  0.9212885287E-04  -1.690323406    
 trace :   0.3552713679E-14
 eigenvalues :
  -1.690323408      -1.689690684       3.380014092    
 
 
Species :    3 (Sb), atom :    6
 
 EFG tensor :
  -1.689688785     -0.1800107925E-05 -0.2618481344E-06
 -0.1800107925E-05   3.380011911     -0.9079833782E-04
 -0.2618481344E-06 -0.9079833782E-04  -1.690323125    
 trace :   0.2886579864E-14
 eigenvalues :
  -1.690323127      -1.689688785       3.380011912    
 
 
Species :    3 (Sb), atom :    7
 
 EFG tensor :
  -1.689691715      0.1527124462E-05  0.1188728846E-06
  0.1527124462E-05   3.380015493     -0.9164368837E-04
  0.1188728846E-06 -0.9164368837E-04  -1.690323777    
 trace :  -0.1820765760E-13
 eigenvalues :
  -1.690323779      -1.689691715       3.380015494    
 
 
Species :    3 (Sb), atom :    8
 
 EFG tensor :
  -1.689689575     -0.1142659077E-05  0.1065951350E-05
 -0.1142659077E-05   3.380014443      0.9183576392E-04
  0.1065951350E-05  0.9183576392E-04  -1.690324869    
 trace :   0.2442490654E-13
 eigenvalues :
  -1.690324872      -1.689689573       3.380014445    
 
 
Species :    3 (Sb), atom :    9
 
 EFG tensor :
  -1.689689525      0.1255415053E-05  0.7655613075E-08
  0.1255415053E-05   3.380014579      0.9432948317E-04
  0.7655613075E-08  0.9432948317E-04  -1.690325055    
 trace :  -0.4884981308E-14
 eigenvalues :
  -1.690325056      -1.689689525       3.380014581    
 
 
Species :    3 (Sb), atom :   10
 
 EFG tensor :
  -1.689689643      0.1013573973E-05  0.1050470257E-05
  0.1013573973E-05   3.380015846     -0.9302953091E-04
  0.1050470257E-05 -0.9302953091E-04  -1.690326203    
 trace :  -0.1665334537E-13
 eigenvalues :
  -1.690326206      -1.689689641       3.380015847    
 
 
Species :    3 (Sb), atom :   11
 
 EFG tensor :
  -1.689689231     -0.1216762542E-05  0.1534073862E-06
 -0.1216762542E-05   3.380013058     -0.9289345718E-04
  0.1534073862E-06 -0.9289345718E-04  -1.690323828    
 trace :  -0.1776356839E-14
 eigenvalues :
  -1.690323829      -1.689689231       3.380013060    
 
 
Species :    3 (Sb), atom :   12
 
 EFG tensor :
  -1.689689492      0.1810678333E-05 -0.5312063760E-07
  0.1810678333E-05   3.380015953     -0.9259257110E-04
 -0.5312063760E-07 -0.9259257110E-04  -1.690326461    
 trace :  -0.1953992523E-13
 eigenvalues :
  -1.690326463      -1.689689492       3.380015955    
 
 
Species :    3 (Sb), atom :   13
 
 EFG tensor :
  -1.689689454     -0.1607785554E-05 -0.1150837931E-05
 -0.1607785554E-05   3.380013153     -0.9345701230E-04
 -0.1150837931E-05 -0.9345701230E-04  -1.690323698    
 trace :   0.1043609643E-13
 eigenvalues :
  -1.690323702      -1.689689452       3.380013154    
 
 
Species :    3 (Sb), atom :   14
 
 EFG tensor :
  -1.689688844     -0.1432002609E-05  0.2851882386E-06
 -0.1432002609E-05   3.380013946      0.9139752642E-04
  0.2851882386E-06  0.9139752642E-04  -1.690325102    
 trace :  -0.3086420008E-13
 eigenvalues :
  -1.690325104      -1.689688844       3.380013948    
 
 
Species :    3 (Sb), atom :   15
 
 EFG tensor :
  -1.689689877      0.1319228336E-05 -0.1358882160E-05
  0.1319228336E-05   3.380015042      0.9440971507E-04
 -0.1358882160E-05  0.9440971507E-04  -1.690325164    
 trace :  -0.2664535259E-14
 eigenvalues :
  -1.690325169      -1.689689874       3.380015043    
 
 
Species :    3 (Sb), atom :   16
 
 EFG tensor :
  -1.689691542     -0.2121268980E-05 -0.2191332520E-06
 -0.2121268980E-05   3.380012583     -0.9244518213E-04
 -0.2191332520E-06 -0.9244518213E-04  -1.690321042    
 trace :  -0.1998401444E-14
 eigenvalues :
  -1.690321043      -1.689691542       3.380012585    
 
 
Species :    3 (Sb), atom :   17
 
 EFG tensor :
  -1.689690850      0.2393953355E-05  0.3620292476E-06
  0.2393953355E-05   3.380014589     -0.8707203337E-04
  0.3620292476E-06 -0.8707203337E-04  -1.690323739    
 trace :  -0.1776356839E-13
 eigenvalues :
  -1.690323741      -1.689690850       3.380014591    
 
 
Species :    3 (Sb), atom :   18
 
 EFG tensor :
  -1.689692927      0.8634789609E-06 -0.9831615905E-06
  0.8634789609E-06   3.380014473      0.9171901006E-04
 -0.9831615905E-06  0.9171901006E-04  -1.690321545    
 trace :  -0.1043609643E-13
 eigenvalues :
  -1.690321548      -1.689692926       3.380014474    
 
 
Species :    3 (Sb), atom :   19
 
 EFG tensor :
  -1.689689376     -0.7910544249E-06  0.1177257427E-05
 -0.7910544249E-06   3.380012582      0.8799751980E-04
  0.1177257427E-05  0.8799751980E-04  -1.690323206    
 trace :  -0.1043609643E-13
 eigenvalues :
  -1.690323210      -1.689689374       3.380012584    
 
 
Species :    3 (Sb), atom :   20
 
 EFG tensor :
   1.633756649      0.2483298165E-07  0.2415552896E-07
  0.2483298165E-07  -3.267325320      0.1439442251E-07
  0.2415552896E-07  0.1439442251E-07   1.633568671    
 trace :   0.1332267630E-13
 eigenvalues :
  -3.267325320       1.633568671       1.633756649    
